cipher_text:	1D0CE6E8119115594A5C0EA20FB45798DC69037B085C0F
plain_text:	ysetatileciksinaysetatileciksi
et_crypt:	0.009469
et_crypt_clok:	11362800.000000
et_dec:	0.009030
et_dec_clok:	10836000.000000
