cipher_text:	33C1FA51F5A401A9CFB23EBAA56CDF60F5485029
plain_text:	ileciksinaysetatileciksi
et_crypt:	0.005510
et_crypt_clok:	6612000.000000
et_dec:	0.005039
et_dec_clok:	6046800.000000
