cipher_text:	0638B02F669C4F68A722D20B8DA8BACCB968C69A
plain_text:	ileciksinaysetatileciksi
et_crypt:	0.002210
et_crypt_clok:	2652000.000000
et_dec:	0.002035
et_dec_clok:	2442000.000000
