cipher_text:	B8AF03A914C3CF683D03A178CD68E4FEB54DE0B3F0B35224BD7C02738ECAFA34F1DC652856737601F5046FF743C71FBC
plain_text:	aysetatileciksinaysetatileciksinaysetatileciksinaysetatileciksi
et_crypt:	0.001015
et_crypt_clok:	1218000.000000
et_dec:	0.001062
et_dec_clok:	1274400.000000
