cipher_text:	91ABC76DD2F25EE0C13E1C2BB902BE4FD6F9BAAA408A48BD5C99DF47E9E020EE70EFE85B
plain_text:	aysetatileciksinaysetatileciksinaysetatileciksinaysetatileciksi
et_crypt:	0.007998
et_crypt_clok:	9597600.000000
et_dec:	0.007376
et_dec_clok:	8851200.000000
