cipher_text:	92E77D2A6F73BCB34A0C95EFA8097487BDC591AE
plain_text:	ileciksinaysetatileciksi
et_crypt:	0.001115
et_crypt_clok:	1338000.000000
et_dec:	0.001983
et_dec_clok:	2379600.000000
