cipher_text:	22125DD0887BB6CD11B240525707BDDBD234C4EF1CA7903E
plain_text:	aysetatileciksinaysetatileciksia
et_crypt:	0.003173
et_crypt_clok:	3807600.000000
et_dec:	0.002984
et_dec_clok:	3580800.000000
