cipher_text:	FA69F69829F7AE00728355BFF5574B01
plain_text:	ileciksinaysetatileciksi
et_crypt:	0.015103
et_crypt_clok:	18123600.000000
et_dec:	0.014666
et_dec_clok:	17599200.000000
