cipher_text:	D31F75C73C0B2D49ECBCE3EC3CC015BFDCB90F7C
plain_text:	ileciksinaysetatileciksi
et_crypt:	0.000454
et_crypt_clok:	544800.000000
et_dec:	0.000416
et_dec_clok:	499200.000000
